6
1,Ibezademobe
2,Fuf
3,Kakekasame
4,Kigiquc
5,Nehojifoap
6,Litalu
0.00,109.98,92.72,55.81,30.65,38.24
109.98,0.00,35.25,64.08,30.37,81.07
92.72,35.25,0.00,52.23,0.00,83.10
55.81,64.08,52.23,0.00,17.92,81.20
30.65,30.37,0.00,17.92,0.00,90.17
38.24,81.07,83.10,81.20,90.17,0.00
